x[0] = 0.831001076426266
x[1] = 0.909580193756727
